-68.972913524
-67.973792693
-66.974582118
-65.975018843
-64.975452010
-63.975867954
-62.976329873
-61.976784511
-60.977154190
-59.977526007
-58.978039637
-57.978364603
-56.978793166
-55.979162468
-54.979585039
-53.979932485
-52.980346893
-51.980811649
-50.981195233
-49.981593171
-48.982026564
-47.982351268
-46.982769464
-45.983171233
-44.983579675
-43.984004222
-42.984380974
-41.984793392
-40.985149103
-39.985554691
-38.985980123
-37.986363248
-36.986775465
-35.987164018
-34.987554033
-33.987974246
-32.988324645
-31.988689334
-30.989144876
-29.989487262
-28.989877073
-27.990271135
-26.990681376
-25.991047576
-24.991477894
-23.991805629
-22.992219571
-21.992596500
-20.992972687
-19.993378966
-18.993769512
-17.994154283
-16.994520587
-15.994939549
-14.995307991
-13.995679923
-12.996097029
-11.996478761
-10.996875912
-9.997267366
-8.997583267
-7.998049768
-6.998402889
-5.998799546
-4.999161020
-3.999524300
-3.000002387
-2.000271370
-1.000723435
-0.001150760
0.998500802
1.998165653
2.997702254
3.997362755
4.996930274
5.996547630
6.996163091
7.995770274
8.995414142
9.994971930
10.994614454
11.994233010
12.993856844
13.993452285
14.993084246
15.992723949
16.992316200
17.991944386
18.991549673
19.991138108
20.990777689
21.990391775
22.990034955
23.989657543
24.989273020
25.988883946
26.988530025
27.988118345
28.987751506
29.987388094
30.986998980
31.986637590
32.986283187
33.985927733
34.985536975
35.985133806
36.984750085
37.984338711
38.983954331
39.983587273
40.983155619
41.982785533
42.982387985
43.982029009
44.981646317
45.981216708
46.980836230
47.980432699
48.980071642
49.979650305
50.979246756
51.978812844
52.978448397
53.978064468
54.977620814
55.977257190
56.976849635
57.976451200
58.976125242
59.975647468
60.975224807
61.974799966
62.974411313
63.974061264
64.973653953
65.973281247
66.972877683
67.972167601
68.971346374
69.970585088
70.969771944
